tileTZ3,0,448,0,0,128,64,0,1.00000000,1.00000000,4294967295
tileTZ3,128,448,64,0,128,64,0,1.00000000,1.00000000,4294967295
tileTZ3,256,448,64,0,128,64,0,1.00000000,1.00000000,4294967295
tileTZ3,384,448,64,0,128,64,0,1.00000000,1.00000000,4294967295
tileTZ3,512,448,64,0,128,64,0,1.00000000,1.00000000,4294967295
tileTZ3,640,448,64,0,128,64,0,1.00000000,1.00000000,4294967295
tileTZ3,768,448,64,0,128,64,0,1.00000000,1.00000000,4294967295
tileTZ3,896,448,64,0,128,64,0,1.00000000,1.00000000,4294967295
tileTZ3,1024,448,64,0,128,64,0,1.00000000,1.00000000,4294967295
tileTZ3,1152,448,64,0,128,64,0,1.00000000,1.00000000,4294967295
tileTZ3,1280,448,64,0,128,64,0,1.00000000,1.00000000,4294967295
tileTZ3,1408,448,64,0,128,64,0,1.00000000,1.00000000,4294967295
tileTZ3,1536,448,64,0,128,64,0,1.00000000,1.00000000,4294967295
tileTZ3,1664,448,64,0,128,64,0,1.00000000,1.00000000,4294967295
tileTZ3,1792,448,64,0,128,64,0,1.00000000,1.00000000,4294967295
tileTZ3,1920,448,64,0,128,64,0,1.00000000,1.00000000,4294967295
tileTZ3,2048,448,64,0,128,64,0,1.00000000,1.00000000,4294967295
tileTZ3,2176,448,64,0,128,64,0,1.00000000,1.00000000,4294967295
tileTZ3,2304,448,64,0,128,64,0,1.00000000,1.00000000,4294967295
tileTZ3,2432,448,64,0,128,64,0,1.00000000,1.00000000,4294967295
tileTZ3,2560,448,64,0,128,64,0,1.00000000,1.00000000,4294967295
tileTZ3,2688,448,64,0,128,64,0,1.00000000,1.00000000,4294967295
tileTZ3,2816,448,64,0,128,64,0,1.00000000,1.00000000,4294967295
tileTZ3,2944,448,64,0,128,64,0,1.00000000,1.00000000,4294967295
tileTZ3,3072,448,64,0,128,64,0,1.00000000,1.00000000,4294967295
tileTZ3,3200,448,64,0,128,64,0,1.00000000,1.00000000,4294967295
tileTZ3,3328,448,64,0,128,64,0,1.00000000,1.00000000,4294967295
tileTZ3,3456,448,64,0,128,64,0,1.00000000,1.00000000,4294967295
tileTZ3,3584,448,64,0,128,64,0,1.00000000,1.00000000,4294967295
tileTZ3,3712,448,64,0,128,64,0,1.00000000,1.00000000,4294967295
tileTZ3,3840,448,64,0,128,64,0,1.00000000,1.00000000,4294967295
tileTZ3,3968,448,64,0,128,64,0,1.00000000,1.00000000,4294967295
tileTZ3,4096,448,64,0,128,64,0,1.00000000,1.00000000,4294967295
