objGoalRing,32,384,7FDC0A0B,0,1,1,4294967295,0,1
objSolidMask01,0,448,50EC29E7,0,32.5,2,4294967295,0,0
objPlayerSpawn,128,448,E5F02AB7,0,1,1,4294967295,0,0
objPlatformMask01Pathed,1440,416,4CA2B122,0,1,1,4294967295,0,1
objPlatformMask01Move,2144,384,2272910A,0,1,1,4294967295,0,1
objPlatformAngle,2144,416,0F3C402F,0,4,4,4294967295,0,0
objPlatformAngle,2592,416,F52327FE,0,4,4,4294967295,90,0
objPlatformAngle,2592,224,B4DD8C13,0,4,4,4294967295,180,0
objPlatformAngle,2144,224,97EDA047,0,4,4,4294967295,270,0
objPlatformMask01Spin,3328,320,315157BC,0,1,1,4294967295,0,0
