tileTZ,6624,1408,0,0,128,128,0,1,1,4294967295
tileTZ,6752,1408,0,0,128,128,0,1,1,4294967295
tileTZ,6880,1408,0,0,128,128,0,1,1,4294967295
tileTZ,7520,1088,0,0,128,128,0,1,1,4294967295
tileTZ,7520,960,0,0,128,128,0,1,1,4294967295
tileTZ,7264,1344,0,0,128,128,0,1,1,4294967295
tileTZ,7136,1344,0,0,128,128,0,1,1,4294967295
tileTZ,7136,1216,128,0,128,128,0,1,1,4294967295
tileTZ,7008,960,0,0,128,128,0,1,1,4294967295
tileTZ,7008,1088,0,0,128,128,0,1,1,4294967295
tileTZ,7008,1216,0,0,128,128,0,1,1,4294967295
tileTZ,7264,1088,256,0,128,128,0,-1,-1,4294967295
tileTZ,7520,1088,128,0,128,128,0,-1,-1,4294967295
tileTZ,6816,1664,64,0,64,64,0,1,1,4294967295
tileTZ,6752,1664,64,0,64,64,0,1,1,4294967295
tileTZ,6688,1664,64,0,64,64,0,1,1,4294967295
tileTZ,6624,1664,64,0,64,64,0,1,1,4294967295
tileTZ,6816,1728,64,0,64,64,0,1,1,4294967295
tileTZ,6752,1728,64,0,64,64,0,1,1,4294967295
tileTZ,7904,1344,0,0,128,128,0,1,1,4294967295
tileTZ,8032,1344,0,0,128,128,0,1,1,4294967295
tileTZ,8160,1344,0,0,128,128,0,1,1,4294967295
tileTZ,8288,1344,0,0,128,128,0,1,1,4294967295
tileTZ2,2944,1024,0,0,128,192,0,1,1,4294967295
tileTZ2,2688,1024,0,0,128,192,0,1,1,4294967295
tileTZ2,1600,1024,0,0,128,192,0,1,1,4294967295
tileTZ2,1280,448,0,0,128,192,0,1,1,4294967295
tileTZ2,3584,1856,128,0,32,64,0,1,1,4294967295
tileTZ2,3008,1613,128,0,32,64,0,1,1,4294967295
tileTZ2,1408,1120,128,0,32,64,0,1,1,4294967295
tileTZ2,1664,398,128,0,32,64,0,1,1,4294967295
tileTZ2,2816,1120,128,0,32,64,0,1,1,4294967295
tileTZ2,2752,1120,128,0,32,64,0,1,1,4294967295
tileTZ2,2880,1120,128,0,32,64,0,1,1,4294967295
tileTZ2,2944,1120,128,0,32,64,0,1,1,4294967295
tileTZ2,3008,1120,128,0,32,64,0,1,1,4294967295
tileTZ2,2688,1120,128,0,32,64,0,1,1,4294967295
tileTZ2,3456,1600,128,0,32,64,0,1,1,4294967295
tileTZ2,3168,384,0,0,96,192,0,1,1,4294967295
tileTZ2,6560,352,0,0,96,192,0,1,1,4294967295
tileTZ2,5888,352,0,0,96,192,0,1,1,4294967295
tileTZ2,5568,352,0,0,96,192,0,1,1,4294967295
tileTZ2,4928,1504,0,0,96,192,0,1,1,4294967295
tileTZ2,3584,1528,0,0,96,192,0,1,1,4294967295
tileTZ2,4864,1952,0,0,96,192,0,1,1,4294967295
tileTZ2,4544,1824,0,0,96,192,0,1,1,4294967295
tileTZ2,3936,1760,0,0,96,192,0,1,1,4294967295
tileTZ2,6752,1248,0,0,96,192,0,1,1,4294967295
tileTZ2,7072,672,0,0,96,192,0,1,1,4294967295
tileTZ2,7616,1184,0,0,96,192,0,1,1,4294967295
tileTZ2,7360,1184,0,0,96,192,0,1,1,4294967295
tileTZ2,8448,928,0,0,96,192,0,1,1,4294967295
tileTZ2,8832,928,0,0,96,192,0,1,1,4294967295
tileTZ2,9216,928,0,0,96,192,0,1,1,4294967295
tileTZ2,9600,928,0,0,96,192,0,1,1,4294967295
tileTZ2,9984,928,0,0,96,192,0,1,1,4294967295
tileTZ2,10368,928,0,0,96,192,0,1,1,4294967295
tileTZ2,10496,928,0,0,96,192,0,1,1,4294967295
tileTZ2,10752,928,0,0,96,192,0,1,1,4294967295
tileTZ2,10880,928,0,0,96,192,0,1,1,4294967295
tileTZ2,11008,928,0,0,96,192,0,1,1,4294967295
tileTZ2,11136,928,0,0,96,192,0,1,1,4294967295
tileTZ2,10240,928,0,0,96,192,0,1,1,4294967295
tileTZ2,10112,928,0,0,96,192,0,1,1,4294967295
tileTZ2,9728,928,0,0,96,192,0,1,1,4294967295
tileTZ2,10624,928,0,0,96,192,0,1,1,4294967295
tileTZ2,3136,1024,0,0,96,192,0,1,1,4294967295
tileTZ2,928,448,0,0,128,192,0,1,1,4294967295
tileTZ2,1664,256,0,0,128,192,0,1,1,4294967295
tileTZ2,10112,2232,0,0,96,192,0,1,1,4294967295
tileTZ2,11296,2624,0,0,96,192,0,1,1,4294967295
tileTZ2,11808,2624,0,0,96,192,0,1,1,4294967295
tileTZ2,12288,2688,0,0,96,192,0,1,1,4294967295
tileTZ2,12544,2688,0,0,96,192,0,1,1,4294967295
tileTZ2,12960,2688,0,0,96,192,0,1,1,4294967295
tileTZ2,13536,2688,0,0,96,192,0,1,1,4294967295
