objParallaxLayer,0,-128,FBBAF6CD,0,1,1,4294967295,0,1
objParallaxLayer,0,96,BC93E87D,0,1,1,4294967295,0,1
objParallaxLayerAnimated,0,160,9819D2B8,0,1,1,4294967295,0,1
objWater,1920,1184,EC3DDD3F,0,3,4,4294967295,0,0
objZoomCameraSensor,10656,928,B96E257A,0,5.6875,1.25,4294967295,0,1
objZoomCameraSensor,10528,920,499F7D47,0,0.9375,1.3125,4294967295,0,1
objZoomCameraSensor,11392,928,2E62C713,0,2.25,1.25,4294967295,0,1
objHideHUDSensor,4608,512,002C2DAF,0,6.25,2.25,4294967295,0,0
objHideHUDSensor,17536,1248,9066C29A,0,7.5,1,4294967295,0,0
objOffsetCameraSensor,8608,896,40F7BFB9,0,13,1.5,4294967295,0,1
objFootstepSensorStone,1280,864,F746A831,0,20,3.3333333333333,4294967295,0,0
objFootstepSensorMetal,4064,480,6416AFDF,0,19,1.66666667,4294967295,0,0
objFootstepSensorStone,2816,1568,7A0C745B,0,12,1.33333333,4294967295,0,0
objFootstepSensorStone,2688,928,6F02CB26,0,4,2.6666666666667,4294967295,0,0
objFootstepSensorGrass,5824,1792,8297A993,0,3,2,4294967295,0,0
objFootstepSensorStone,5728,1792,5738A350,0,3,2,4294967295,0,0
objFootstepSensorWood,8896,2016,B3D3DF4E,0,10,0.66666667,4294967295,0,0
objFootstepSensorStone,9856,2784,C8DC8C09,0,2,1.33333333,4294967295,0,0
objFootstepSensorStone,17024,2080,00F0BB4C,0,4,2,4294967295,0,0
objFootstepSensorWood,17152,2208,276DC778,0,4,0.66666667,4294967295,0,0
objFootstepSensorStone,6464,1792,1B1C0928,0,3,2.33333333,4294967295,0,0
objFootstepSensorGrass,6368,1792,81FD3CDE,0,3,2,4294967295,0,0
objFootstepSensorGrass,2656,128,98B6FF43,0,6,3,4294967295,0,0
objFootstepSensorStone,2560,128,58D561A3,0,3,3,4294967295,0,0
objFootstepSensorStone,2848,128,75CAC6C8,0,3,3,4294967295,0,0
objWaterBubbleGenerator,2528,1440,1A407DC4,0,1,1,4294967295,0,0
objWaterBubbleGenerator,2112,1440,E9A41E69,0,1,1,4294967295,0,0
objDestructiveWall,7200,2048,65143DB9,0,1,1,4294967295,0,0
objDestructiveWall,7456,2048,D6B44A5C,0,1,1,4294967295,0,0
objDestructiveWall,7712,2048,C2C2C5C4,0,1,1,4294967295,0,0
objDestructiveWall,7968,2048,C05BBA10,0,1,1,4294967295,0,0
objDestructiveWall,7072,2048,2C0363DC,0,1,1,4294967295,0,0
objDestructiveWall,7328,2048,B7AB88AC,0,1,1,4294967295,0,0
objDestructiveWall,7584,2048,FC05F10D,0,1,1,4294967295,0,0
objDestructiveWall,7840,2048,0450EE3A,0,1,1,4294967295,0,0
objGoalRing,17984,1312,D39B7AA2,0,1,1,4294967295,0,0
objSpikeMove,3392,297,78B55BEB,0,1,1,4294967295,0,0
objSolidMask01,1472,416,003E26C1,0,3,8,4294967295,0,0
objSolidMask02,1152,736,001E31D1,0,2,2,4294967295,0,0
objSolidMask01,1280,1184,00088485,0,5,16,4294967295,0,0
objRing,736,448,001061CB,0,1,1,4294967295,0,0
objRing,768,448,002891EF,0,1,1,4294967295,0,0
objRing,832,448,0033AE93,0,1,1,4294967295,0,0
objRing,800,448,001E4C02,0,1,1,4294967295,0,0
objRing,1184,576,0033966C,0,1,1,4294967295,0,0
objRing,1152,576,00255121,0,1,1,4294967295,0,0
objRing,1216,576,0031772C,0,1,1,4294967295,0,0
objCheckpoint,1536,1184,0024DCC3,0,1,1,4294967295,0,0
objEnemyTurn,608,352,003F34AF,0,1,1,4294967295,0,0
objEnemyTurn,864,352,00356B39,0,1,1,4294967295,0,0
objDashPad,1664,416,003AA157,0,1,1,4294967295,0,0
objDashRamp,1885,1184,00350FAC,0,1,1,4294967295,0,1
objSolidMask01,2304,864,0020E1CE,0,10,2,4294967295,0,0
objDashPad,2692,864,00236577,0,1,1,4294967295,0,0
objDashRampRainbow,3584,864,4D0BC555,0,1,1,4294967295,0,0
objWayLauncher,4032,1344,D985712B,0,1,1,4294967295,0,0
objSolidMask01,2496,416,4DD2F93B,0,3,4,4294967295,0,0
objSolidMask02,3392,416,22502C1A,0,1,2,4294967295,0,0
objSolidMask01,3392,288,31532868,0,2,8,4294967295,0,0
objSolidMask01,1664,1696,351E7479,0,11,12,4294967295,0,0
objRing,1632,1152,9E433AA6,0,1,1,4294967295,0,0
objRing,1600,1152,EDEF6460,0,1,1,4294967295,0,0
objRing,1664,1152,F812C437,0,1,1,4294967295,0,0
objRing,1696,1152,A621258E,0,1,1,4294967295,0,0
objHandle,2304,1632,04DD1F7A,0,1,1,4294967295,0,1
objMonitorShieldNormal,2560,400,4BBBB7FC,0,1,1,4294967295,0,0
objSolidMask01,3200,1696,03E4D76A,0,5,2,4294967295,0,0
objSolidMask01,4704,1664,8A238086,0,22,4,4294967295,0,0
objCorkscrew,3840,1608,1A369973,0,1,1,4294967295,0,0
objRing,2656,384,63BA2741,0,1,1,4294967295,0,0
objRing,2688,384,1B2293F0,0,1,1,4294967295,0,0
objRing,2720,384,FFAFB3B5,0,1,1,4294967295,0,0
objRing,2752,384,6CFA8575,0,1,1,4294967295,0,0
objRing,2784,384,7CE77328,0,1,1,4294967295,0,0
objRing,2816,384,3E09AED7,0,1,1,4294967295,0,0
objRing,2816,352,4C68626E,0,1,1,4294967295,0,0
objRing,2816,320,2815354B,0,1,1,4294967295,0,0
objRing,2784,320,FD7FCAD9,0,1,1,4294967295,0,0
objRing,2752,320,76F1748D,0,1,1,4294967295,0,0
objRing,2720,320,BDA8794F,0,1,1,4294967295,0,0
objRing,2720,352,73497BF0,0,1,1,4294967295,0,0
objRing,2688,352,64534973,0,1,1,4294967295,0,0
objRing,2656,352,5DF68CE1,0,1,1,4294967295,0,0
objRing,2656,320,F791E918,0,1,1,4294967295,0,0
objRing,2688,320,CC512090,0,1,1,4294967295,0,0
objRing,2752,352,437121ED,0,1,1,4294967295,0,0
objRing,2784,352,CB569CC4,0,1,1,4294967295,0,0
objSolidMask02,0,608,08E2D329,0,23,2,4294967295,0,0
objButtonSensor,2880,1056,48DDFB1A,0,1,1,4294967295,0,0
objEnemyBuzzer,672,352,45810893,0,1,1,4294967295,0,0
objSolidMask09,1280,1056,FD4E096E,0,1,1,4294967295,0,0
objPlatformMask01,1920,1440,CD9651C9,0,3.75,4,4294967295,0,0
objSolidMask09,2688,1312,7A989358,0,-1,1,4294967295,0,0
objSolidMask09,1472,496,A5FF85FA,0,-1,1,4294967295,0,0
objSolidMask13,2880,416,ADB8B50A,0,1.5,2,4294967295,0,0
objSolidMask01,2688,1184,658E03E1,0,6,12,4294967295,0,0
objSolidMask10,3456,1568,C4EEE6AD,0,-1,1,4294967295,180,0
objSolidMask10,3456,1184,316DD563,0,1,1,4294967295,0,0
objSolidMask13,1856,416,ACCC6367,0,1,1,4294967295,0,0
objLayer1Mask03,4864,1536,543B35C5,0,1,1,4294967295,0,0
objLayer0Mask03,5120,1536,CF932F36,0,-1,1,4294967295,0,0
objSolidMask09,4864,1535,2766C2F8,0,-1,1,4294967295,180,0
objSolidMask09,5120,1535,07C37C0F,0,1,1,4294967295,180,0
objSolidMask01,4864,1376,FD795D14,0,2,1,4294967295,0,0
objSwitchLayer0,4763,1280,F8BBD733,0,6.85714286,8,4294967295,0,0
objSwitchLayer1,5124,1248,BDFE1915,0,6.85714286,8.66666667,4294967295,0,0
objSwitchLayerAlternate,4960,1408,A3E4A76F,0,4.57142857,0.66666667,4294967295,0,0
objLayer1Mask05,5504,1536,1EF844DE,0,-1,1,4294967295,0,0
objLayer1Mask04,5632,1536,2EE92BD5,0,-1,1,4294967295,0,0
objLayer1Mask04,5632,1536,7EA6B87E,0,1,1,4294967295,0,0
objLayer1Mask05,5760,1536,43712961,0,1,1,4294967295,0,0
objLayer1Mask05,6016,1536,30216C55,0,-1,1,4294967295,0,0
objLayer1Mask04,6144,1536,D67F2EAB,0,-1,1,4294967295,0,0
objLayer1Mask04,6144,1536,0E362C54,0,1,1,4294967295,0,0
objLayer1Mask05,6272,1536,27014E42,0,1,1,4294967295,0,0
objLayer0Mask04,5408,1536,2EC5BF03,0,1,1,4294967295,0,0
objLayer0Mask05,5536,1536,CC98393F,0,1,1,4294967295,0,0
objLayer0Mask05,5760,1536,C9FF19C0,0,-1,1,4294967295,0,0
objLayer0Mask04,5888,1536,944C579C,0,-1,1,4294967295,0,0
objLayer0Mask04,5888,1536,D9672985,0,1,1,4294967295,0,0
objLayer0Mask05,6016,1536,032B6DD9,0,1,1,4294967295,0,0
objLayer0Mask05,6272,1536,A861F147,0,-1,1,4294967295,0,0
objLayer0Mask04,6400,1536,F3E2F89B,0,-1,1,4294967295,0,0
objLayer0Mask05,6496,1408,A580A1BD,0,-1,1,4294967295,0,0
objLayer0Mask04,6624,1408,472ED921,0,-1,1,4294967295,0,0
objLayer0Mask01,6400,1536,77997517,0,0.5,1,4294967295,0,0
objLayer0Mask01,6624,1408,11C8E0DB,0,3,4,4294967295,0,0
objSwitchLayer0,5280,1408,535628F1,0,11.42857143,3.33333333,4294967295,0,0
objSwitchLayer1,5280,1600,C0008F43,0,11.42857143,1.33333333,4294967295,0,0
objPlatformMask01Move,5280,1568,0F2DCE20,0,1,1,4294967295,0,0
objPlatformAngle,5344,1408,7C9F3752,0,1,1,4294967295,270,0
objPlatformAngle,5280,1600,C4A119EC,0,1,1,4294967295,90,0
objPlatformMask01Move,3616,1152,948C6B93,0,1,1,4294967295,0,0
objPlatformAngle,3616,1152,0EEC2EE7,0,1,1,4294967295,0,0
objPlatformAngle,3968,1152,5796807A,0,1,1,4294967295,90,0
objPlatformAngle,3968,960,252DF31C,0,1,1,4294967295,180,0
objPlatformAngle,3616,960,40E04646,0,1,1,4294967295,270,0
objSolidMask01,3136,288,F9A6E948,0,1,4,4294967295,0,0
objSolidMask01,7520,1344,EB0C57CA,0,6,12,4294967295,0,0
objLayer0Mask01,7520,1216,2054ABDC,0,0.5,6,4294967295,0,0
objSolidMask09,7520,1088,51ABBDCB,0,1,1,4294967295,180,0
objSolidMask09,7136,1088,CB9C05C2,0,-1,1,4294967295,180,0
objSolidMask09,7136,1216,49DB1643,0,1,1,4294967295,0,0
objLayer1Mask01,7392,1344,419FC0DC,0,1,4,4294967295,0,0
objSwitchLayer0,7136,1408,5BADCFEB,0,18.28571429,5.33333333,4294967295,0,0
objSwitchLayerAlternate,7232,960,4CFBDFCB,0,13.71428571,4.66666667,4294967295,0,0
objSolidMask01,7520,832,E1B12DAF,0,1,12,4294967295,0,0
objSolidMask01,6368,832,BBDCF6B7,0,9,4,4294967295,0,0
objSolidMask01,7008,960,56D0B5A8,0,1,12,4294967295,0,0
objPlatformMask01Move,8128,1248,8EB1E0D5,0,1,1,4294967295,0,0
objPlatformAngle,8192,1120,85C566B1,0,1,1,4294967295,270,0
objPlatformAngle,8192,1280,F6276267,0,1,1,4294967295,90,0
objSolidMask01,8288,1088,19C3963A,0,0.15,8,4294967295,0,0
objEnemyTurn,8832,1056,6E822A6A,0,1,1,4294967295,0,0
objEnemyEggpawn,8768,1056,48CE4E89,0,1,1,4294967295,0,0
objEnemyTurn,8672,1056,EA5DF8BE,0,1,1,4294967295,0,0
objEnemyTurn,9216,1056,BA5F1C12,0,1,1,4294967295,0,0
objEnemyEggpawn,9184,1056,6113AF7B,0,1,1,4294967295,0,0
objEnemyTurn,9056,1056,04133846,0,1,1,4294967295,0,0
objEnemyTurn,9088,1056,63A4B316,0,1,1,4294967295,0,0
objEnemyEggpawn,9024,1056,2BA1AD97,0,1,1,4294967295,0,0
objEnemyTurn,8928,1056,9156706F,0,1,1,4294967295,0,0
objEnemyTurn,9664,1056,AE806934,0,1,1,4294967295,0,0
objEnemyEggpawn,9632,1056,EF272F62,0,1,1,4294967295,0,0
objEnemyTurn,9504,1056,C0B7158A,0,1,1,4294967295,0,0
objEnemyTurn,9952,1056,B9B18C34,0,1,1,4294967295,0,0
objEnemyEggpawn,9920,1056,7B72560F,0,1,1,4294967295,0,0
objEnemyTurn,9792,1056,C09BE11D,0,1,1,4294967295,0,0
objEnemyTurn,9504,1056,24C24358,0,1,1,4294967295,0,0
objEnemyEggpawn,9472,1056,CEC4619F,0,1,1,4294967295,0,0
objEnemyTurn,9344,1056,47FCE42A,0,1,1,4294967295,0,0
objEnemyTurn,10176,1056,CD063A80,0,1,1,4294967295,0,0
objEnemyEggpawn,10144,1056,7554953F,0,1,1,4294967295,0,0
objEnemyTurn,10080,1056,0AEAB4F0,0,1,1,4294967295,0,0
objButtonSensor,8320,896,C45452FD,0,224,192,4294967295,0,1
objSwitchLayer1,6496,1536,EB9A514C,0,2.28571429,2.66666667,4294967295,0,0
objSwitchLayer0,6656,1248,9908D120,0,4.57142857,3.33333333,4294967295,0,0
objRing,5376,1632,89879C4B,0,1,1,4294967295,0,0
objRing,5440,1632,926847F7,0,1,1,4294967295,0,0
objRing,5504,1568,A3BC010A,0,1,1,4294967295,0,0
objRing,5088,1504,FDC1AC13,0,1,1,4294967295,0,0
objRing,5024,1440,15856DA7,0,1,1,4294967295,0,0
objRing,4960,1440,9C1FBB7D,0,1,1,4294967295,0,0
objRing,4896,1504,2256FDD3,0,1,1,4294967295,0,0
objRing,4912,1616,41E9C4A2,0,1,1,4294967295,0,0
objRing,5056,1616,C76AF8E3,0,1,1,4294967295,0,0
objSolidMask02,3136,1920,490D52AB,0,19,5.5,4294967295,0,0
objDashRingRainbow,4032,1824,AEFB1584,0,1,1,4294967295,0,1
objPlatformMask01,3968,1216,1E77FE66,0,1,1,4294967295,0,0
objPlatformMask01Move,4160,1216,F0FF5E51,0,1,1,4294967295,0,0
objPlatformAngle,4160,1216,66E4D334,0,1,1,4294967295,0,0
objPlatformAngle,4608,1216,FBED4729,0,1,1,4294967295,90,0
objPlatformAngle,4608,800,BDE67A56,0,1,1,4294967295,225,0
objRing,4704,880,3C3E5E17,0,1,1,4294967295,0,0
objRing,4728,880,2EB8D416,0,1,1,4294967295,0,0
objRing,4752,880,C4A11199,0,1,1,4294967295,0,0
objRing,4776,880,0A203D7D,0,1,1,4294967295,0,0
objRing,4800,880,03EE8152,0,1,1,4294967295,0,0
objRing,4824,880,384A51CC,0,1,1,4294967295,0,0
objRing,4848,880,F45EF951,0,1,1,4294967295,0,0
objRing,4872,880,2D0C5856,0,1,1,4294967295,0,0
objRing,4896,880,4C7F9157,0,1,1,4294967295,0,0
objRing,4920,880,050F2501,0,1,1,4294967295,0,0
objRing,4944,880,9A0F0CBE,0,1,1,4294967295,0,0
objRing,4968,880,2B45A922,0,1,1,4294967295,0,0
objRing,4992,880,B41F88E3,0,1,1,4294967295,0,0
objRing,5016,880,0AC3DA31,0,1,1,4294967295,0,0
objRing,5040,880,8A5DDD59,0,1,1,4294967295,0,0
objRing,5064,880,8C010A32,0,1,1,4294967295,0,0
objRing,5088,880,A059D8F2,0,1,1,4294967295,0,0
objRing,5112,880,1839F3BA,0,1,1,4294967295,0,0
objRing,5136,880,428E6224,0,1,1,4294967295,0,0
objRing,5160,880,E548345A,0,1,1,4294967295,0,0
objRing,5184,880,5F87A605,0,1,1,4294967295,0,0
objSolidMask13,4352,1920,C3D298A4,0,1,1,4294967295,0,0
objSolidMask08,4608,1984,6B84B468,0,1,1,4294967295,0,0
objSolidMask01,4736,2112,7EC7D54B,0,3,6,4294967295,0,0
objSolidMask01,5312,1984,1ADCE748,0,9,3,4294967295,0,0
objSolidMask14,5312,1984,51E01AE5,0,-1,1,4294967295,0,0
objSolidMask15,5184,1984,951AF044,0,-1,1,4294967295,0,0
objDashRing,5440,864,9C1CA1FC,0,1,1,4294967295,0,0
objRing,5088,1568,53F3A63D,0,1,1,4294967295,0,0
objRing,4896,1568,D0DE9D8E,0,1,1,4294967295,0,0
objTestFlower,2816,1184,8816F3E2,0,1,1,4294967295,0,0
objTestFlower,3200,1184,DE1F7E69,0,1,1,4294967295,0,0
objTestFlower,3328,1696,FAFA4199,0,1,1,4294967295,0,0
objTestFlower,3648,1760,493B21D1,0,1,1,4294967295,180,0
objTestFlower,3392,1792,A7D6C865,0,1,1,4294967295,180,0
objTestFlower,3904,1920,3DBF8F6C,0,1,1,4294967295,0,0
objTestFlower,2880,1184,7C7814F2,0,1,1,4294967295,0,0
objTestFlower,2944,1184,87706A92,0,1,1,4294967295,0,0
objTestFlower,3008,1184,4278DA54,0,1,1,4294967295,0,0
objTestFlower,3072,1184,B3CAACB8,0,1,1,4294967295,0,0
objTestFlower,2752,1184,A9EF9336,0,1,1,4294967295,0,0
objTestFlower,2752,1184,B36968AA,0,1,1,4294967295,0,0
objTestFlower,3136,1184,ADB17242,0,1,1,4294967295,0,0
objEnemySpinner,5888,768,3FD7EBE3,0,1,1,4294967295,0,0
objEnemySpinner,6016,704,2A331FD1,0,1,1,4294967295,0,0
objEnemySpinner2,6144,640,6E439E71,0,1,1,4294967295,0,0
objWayLauncher,6144,493,7E895182,0,1,1,4294967295,0,0
objSpring,6993,516,13AA9738,0,1,1,4294967295,255,0
objRing,7072,416,3E403099,0,1,1,4294967295,0,0
objRing,7104,416,018AE657,0,1,1,4294967295,0,0
objRing,7136,416,9FD98073,0,1,1,4294967295,0,0
objRing,8016,464,1270339B,0,1,1,4294967295,0,0
objRing,8064,480,FF70F783,0,1,1,4294967295,0,0
objRing,8096,480,BDE9214E,0,1,1,4294967295,0,0
objRing,8128,512,C871E8CE,0,1,1,4294967295,0,0
objRing,8160,544,F7BE985C,0,1,1,4294967295,0,0
objRing,8192,576,F04C79A4,0,1,1,4294967295,0,0
objRing,8224,576,0D095332,0,1,1,4294967295,0,0
objRing,8256,576,B9226AFF,0,1,1,4294967295,0,0
objRing,8288,608,B7E87C0C,0,1,1,4294967295,0,0
objRing,8320,640,A6C89F40,0,1,1,4294967295,0,0
objRing,8352,640,37D719EB,0,1,1,4294967295,0,0
objRing,8384,672,40240329,0,1,1,4294967295,0,0
objRing,8416,704,A81AC4C5,0,1,1,4294967295,0,0
objRing,8448,704,F437EBEE,0,1,1,4294967295,0,0
objRing,8480,736,66264AB8,0,1,1,4294967295,0,0
objRing,8512,736,A296D3FF,0,1,1,4294967295,0,0
objRing,8544,768,3E0A98B0,0,1,1,4294967295,0,0
objRing,8576,800,F37AE6F8,0,1,1,4294967295,0,0
objRing,8608,800,B555D176,0,1,1,4294967295,0,0
objRing,8640,832,629EF8BC,0,1,1,4294967295,0,0
objRing,8672,832,2DBA0DFA,0,1,1,4294967295,0,0
objRing,8704,832,4400B723,0,1,1,4294967295,0,0
objRing,8736,864,64304E8D,0,1,1,4294967295,0,0
objRing,8768,864,357795CE,0,1,1,4294967295,0,0
objRing,7360,448,32EBF9BE,0,1,1,4294967295,0,0
objRing,7424,448,F9390347,0,1,1,4294967295,0,0
objRing,7488,448,D190D0E0,0,1,1,4294967295,0,0
objRing,7552,448,5C5AED5A,0,1,1,4294967295,0,0
objRing,7616,448,CA88314E,0,1,1,4294967295,0,0
objRing,7680,448,43DC7F82,0,1,1,4294967295,0,0
objRing,7744,448,517B6C51,0,1,1,4294967295,0,0
objRing,7424,416,B6DB2F4E,0,1,1,4294967295,0,0
objRing,7488,416,60DAAEB5,0,1,1,4294967295,0,0
objRing,7552,416,68942BD1,0,1,1,4294967295,0,0
objRing,7616,416,DFBAA981,0,1,1,4294967295,0,0
objRing,7680,416,2A6EB034,0,1,1,4294967295,0,0
objRing,8000,608,1C46A8A5,0,1,1,4294967295,0,0
objRing,8000,656,91D15005,0,1,1,4294967295,0,0
objRing,8000,704,4173D6A1,0,1,1,4294967295,0,0
objRing,8000,752,F92DD31D,0,1,1,4294967295,0,0
objRing,8000,800,71B06FE7,0,1,1,4294967295,0,0
objRing,8000,848,850BE9DD,0,1,1,4294967295,0,0
objRing,8000,896,AD95B21D,0,1,1,4294967295,0,0
objRing,8000,944,C1DC3F7C,0,1,1,4294967295,0,0
objRing,6528,416,FC82F653,0,1,1,4294967295,0,0
objRing,6528,448,0F59AA14,0,1,1,4294967295,0,0
objRing,6528,480,9D00FB9A,0,1,1,4294967295,0,0
objRing,6592,480,295EF7B7,0,1,1,4294967295,0,0
objRing,6592,448,D951D326,0,1,1,4294967295,0,0
objRing,6592,416,EC3B06AA,0,1,1,4294967295,0,0
objRing,6656,480,0A801788,0,1,1,4294967295,0,0
objRing,6656,448,0D05F5C7,0,1,1,4294967295,0,0
objRing,6656,416,3137D6B2,0,1,1,4294967295,0,0
objRing,6400,480,7E450843,0,1,1,4294967295,0,0
objRing,6400,448,B65C61CD,0,1,1,4294967295,0,0
objRing,6400,416,841B4B48,0,1,1,4294967295,0,0
objRing,6912,480,52A57C47,0,1,1,4294967295,0,0
objRing,6848,480,5C9D5524,0,1,1,4294967295,0,0
objRing,5888,736,670EF7D2,0,1,1,4294967295,0,0
objRing,5888,704,C213EF1D,0,1,1,4294967295,0,0
objRing,6016,672,8B372120,0,1,1,4294967295,0,0
objRing,6016,640,E4EB005F,0,1,1,4294967295,0,0
objRing,6144,608,EB376714,0,1,1,4294967295,0,0
objRing,6144,576,C97EB081,0,1,1,4294967295,0,0
objRing,4032,608,FF9E94AA,0,1,1,4294967295,0,0
objRing,4096,608,BC4E7D0E,0,1,1,4294967295,0,0
objRing,4160,608,982038C0,0,1,1,4294967295,0,0
objRing,4224,608,97BC82E3,0,1,1,4294967295,0,0
objRing,4288,608,6E8230DD,0,1,1,4294967295,0,0
objRing,4352,608,EB8483D6,0,1,1,4294967295,0,0
objRing,4416,608,65B17037,0,1,1,4294967295,0,0
objRing,4480,608,2F39B1AC,0,1,1,4294967295,0,0
objRing,6784,1376,D78CAA7F,0,1,1,4294967295,0,0
objRing,6848,1376,39F69773,0,1,1,4294967295,0,0
objRing,6912,1376,DECF451F,0,1,1,4294967295,0,0
objRing,6976,1376,B0CB5FD0,0,1,1,4294967295,0,0
objRing,6976,1344,906F7470,0,1,1,4294967295,0,0
objRing,6912,1344,FF3EDD57,0,1,1,4294967295,0,0
objRing,6848,1344,886E7D6D,0,1,1,4294967295,0,0
objRing,6784,1344,E369F6FC,0,1,1,4294967295,0,0
objRing,6784,1312,EB831FED,0,1,1,4294967295,0,0
objRing,6848,1312,86C16336,0,1,1,4294967295,0,0
objRing,6912,1312,6A68C474,0,1,1,4294967295,0,0
objRing,6976,1312,8E12A0DD,0,1,1,4294967295,0,0
objRing,6720,1312,B81375E2,0,1,1,4294967295,0,0
objRing,6720,1344,516A68B6,0,1,1,4294967295,0,0
objRing,6720,1376,2139E77F,0,1,1,4294967295,0,0
objSolidMask02,5376,512,FE945EAB,0,10,1,4294967295,0,0
objSolidMask02,6336,512,2DD7B62C,0,5,2,4294967295,0,0
objTestFlower,5824,512,A9E61DCB,0,1,1,4294967295,0,0
objSolidMask01,5504,96,A52CA815,0,9,5,4294967295,0,0
objSolidMask09,5503,383,F74F6DB0,0,-1,1,4294967295,180,0
objCheckpoint,7808,1344,0E628007,0,1,1,4294967295,0,0
objCheckpoint,6464,512,4A272034,0,1,1,4294967295,0,0
objSpring,6358,273,827AD5A4,0,1,1,4294967295,180,0
objDashPad,6336,512,94AC94E5,0,1,1,4294967295,0,0
objMonitorInvincibility,5888,272,5D8DB9C7,0,1,-1,4294967295,0,0
objTestFlower,6848,512,B22C4570,0,1,1,4294967295,0,0
objDashRing,6272,704,4957370A,0,1,1,4294967295,270,0
objDashRingRainbow,6336,832,E1316E78,0,1,1,4294967295,90,1
objSpike,6447,833,3FF563DA,0,1,1,4294967295,0,0
objSlidepassSensor,6848,805,91717E98,0,2,1,4294967295,0,0
objSolidMask01,6848,638,077DD516,0,1,5,4294967295,0,0
objTestFlower,6528,512,E85D6FEC,0,1,1,4294967295,0,0
objTestFlower,6400,512,3C371B49,0,1,1,4294967295,0,0
objTestFlower,6592,640,D95FDBE7,0,1,1,4294967295,180,0
objTestFlower,6848,704,72A1A2AF,0,1,1,4294967295,90,0
objTestFlower,6016,576,EFC14613,0,1,1,4294967295,225,0
objTestFlower,6560,832,0526DC68,0,1,1,4294967295,0,0
objTestFlower,6624,832,87285D14,0,1,1,4294967295,0,0
objTestFlower,6688,832,C2783441,0,1,1,4294967295,0,0
objTestFlower,6752,832,B4201D81,0,1,1,4294967295,0,0
objTestFlower,6816,832,5256E64D,0,1,1,4294967295,0,0
objTestFlower,6496,832,CA5A327C,0,1,1,4294967295,0,0
objCorkscrew,7648,736,9EE46EE8,0,1,1,4294967295,0,0
objDashRingRainbow,7936,817,ACD638B0,0,1,1,4294967295,270,1
objRing,6592,768,0E3B6051,0,1,1,4294967295,0,0
objRing,6592,800,2DD30BAE,0,1,1,4294967295,0,0
objRing,6624,800,2B9268D2,0,1,1,4294967295,0,0
objRing,6656,800,3AEDA020,0,1,1,4294967295,0,0
objRing,6624,768,2A917DAC,0,1,1,4294967295,0,0
objRing,6656,768,A41797FB,0,1,1,4294967295,0,0
objRing,6688,768,84B7A610,0,1,1,4294967295,0,0
objRing,6720,768,6510C95B,0,1,1,4294967295,0,0
objRing,6720,800,CE9A204B,0,1,1,4294967295,0,0
objRing,6688,800,F6A911CA,0,1,1,4294967295,0,0
objRing,6752,800,56A1FAEA,0,1,1,4294967295,0,0
objRing,6752,768,2F0EBC57,0,1,1,4294967295,0,0
objRing,6784,768,50703D51,0,1,1,4294967295,0,0
objRing,6784,800,14316D37,0,1,1,4294967295,0,0
objRing,6816,800,CA18FC6A,0,1,1,4294967295,0,0
objRing,6816,768,195AFE24,0,1,1,4294967295,0,0
objRing,6784,736,7F98EB88,0,1,1,4294967295,0,0
objRing,6752,736,C48809A9,0,1,1,4294967295,0,0
objRing,6720,736,CF60BB6D,0,1,1,4294967295,0,0
objRing,6688,736,D4D8D2DC,0,1,1,4294967295,0,0
objRing,6656,736,A6F9874A,0,1,1,4294967295,0,0
objRing,6624,736,FDF37375,0,1,1,4294967295,0,0
objRing,6592,736,AEF26A54,0,1,1,4294967295,0,0
objRing,6560,736,03B868B1,0,1,1,4294967295,0,0
objRing,6560,768,B6C6D275,0,1,1,4294967295,0,0
objRing,6560,800,A538C657,0,1,1,4294967295,0,0
objRing,6528,800,3C0EB243,0,1,1,4294967295,0,0
objRing,6528,768,69AE4C46,0,1,1,4294967295,0,0
objRing,6496,768,EAE594DD,0,1,1,4294967295,0,0
objRing,6496,736,B66DF80B,0,1,1,4294967295,0,0
objRing,6528,736,D2AB50E2,0,1,1,4294967295,0,0
objRing,6496,800,ADA83804,0,1,1,4294967295,0,0
objRing,6816,736,47171995,0,1,1,4294967295,0,0
objRing,6816,704,19E4BF54,0,1,1,4294967295,0,0
objRing,6784,704,88EA58AC,0,1,1,4294967295,0,0
objRing,6752,704,643865B3,0,1,1,4294967295,0,0
objRing,6720,704,1B12B4C6,0,1,1,4294967295,0,0
objRing,6688,704,B9B26D53,0,1,1,4294967295,0,0
objRing,6656,704,8A9F127E,0,1,1,4294967295,0,0
objRing,6624,704,771BE614,0,1,1,4294967295,0,0
objRing,6592,704,5D844BEB,0,1,1,4294967295,0,0
objRing,6560,704,A3F94134,0,1,1,4294967295,0,0
objRing,6528,704,E2AA2BF9,0,1,1,4294967295,0,0
objRing,6496,704,8F71BE44,0,1,1,4294967295,0,0
objMonitorShieldElectro,6656,816,6DE29A24,0,1,1,4294967295,0,0
objMonitorRings10,6592,816,C56C573C,0,1,1,4294967295,0,0
objMonitorRings10,6720,816,56074C4B,0,1,1,4294967295,0,0
objDashRing,5760,768,0274EE68,0,1,1,4294967295,345,1
objDashRing,6144,544,5840F749,0,1,1,4294967295,0,0
objSwitchLayer1,7616,1216,E4796BB8,0,4.57142857,2.66666667,4294967295,0,0
objPlatformMask01,2464,1440,29166B45,0,1.75,4,4294967295,0,0
objSpring,3105,2061,E32215E5,0,1,1,4294967295,0,1
objSolidMask02,6720,512,73D0BE59,0,4,2,4294967295,0,0
objEnemyTurn,5360,1952,A3D0FA37,0,1,1,4294967295,0,0
objEnemyTurn,5632,1952,79874256,0,1,1,4294967295,0,0
objRing,7040,416,ED5E6B7C,0,1,1,4294967295,0,0
objRing,7168,416,1044F794,0,1,1,4294967295,0,0
objRing,7200,416,869F6911,0,1,1,4294967295,0,0
objDashRing,7200,416,8A319181,0,1,1,4294967295,270,0
objTestFlower,10496,1088,DDF7FAA1,0,1,1,4294967295,0,0
objTestFlower,10560,1088,DA503A9C,0,1,1,4294967295,0,0
objTestFlower,10688,1088,AF47B39C,0,1,1,4294967295,0,0
objTestFlower,10752,1088,8ECE7412,0,1,1,4294967295,0,0
objTestFlower,10816,1088,90DFA33F,0,1,1,4294967295,0,0
objTestFlower,10880,1088,9F6B8878,0,1,1,4294967295,0,0
objTestFlower,10432,1088,F6AC6543,0,1,1,4294967295,0,0
objTestFlower,10368,1088,2C1D7595,0,1,1,4294967295,0,0
objTestFlower,10304,1088,8320E810,0,1,1,4294967295,0,0
objTestFlower,7488,1344,9554EB77,0,1,1,4294967295,0,0
objTestFlower,7616,1344,E8B16275,0,1,1,4294967295,0,0
objCheckpoint,10624,1088,B1B55F6B,0,1,1,4294967295,0,0
objSolidMask14,6464,1984,1403608F,0,1,1,4294967295,0,0
objSolidMask15,6592,1984,6B39202E,0,1,1,4294967295,0,0
objSolidMask02,6656,2112,0F9C84DB,0,22,6,4294967295,0,0
objDashRamp,8064,2112,E56DDF94,0,1,1,4294967295,0,1
objDashPad,8416,1730,AD60336F,0,1,1,4294967295,90,0
objSolidMask02,8416,1088,102EAD72,0,2,24,4294967295,0,0
objSolidMask02,8544,1088,DAD18297,0,62,4,4294967295,0,0
objLayer1Mask01,8288,1088,ADFA3F4A,0,1,1,4294967295,0,0
objSwitchLayer1,8288,912,4E81D0C0,0,16,3.33333333,4294967295,0,0
objSwitchLayer0,8352,1472,ADF20800,0,4.57142857,4,4294967295,0,0
objDashPad,8416,1890,C76EDA89,0,1,1,4294967295,90,0
objDashPad,8416,2082,4934A940,0,1,1,4294967295,90,0
objDashRing,12588,1472,FB4B2FF7,0,1,1,4294967295,135,0
objSolidMask02,12512,1216,F6EA3F91,0,2,2,4294967295,0,0
objSolidMask10,12512,1088,AE1ED275,0,1,1,4294967295,0,0
objSolidMask02,10944,1888,76B03967,0,28,8,4294967295,0,0
objDashRampRainbow,9860,2400,B986487B,0,-1,1,4294967295,0,1
objDashRing,12650,1377,448062E2,0,1,1,4294967295,150,0
objDashRing,12524,1536,CBC9866C,0,1,1,4294967295,120,1
objSolidMask02,9856,2400,068D75BC,0,10,6,4294967295,0,0
objSolidMask01,8288,2496,16DF425B,0,1,4,4294967295,0,0
objSpring,8403,2478,5F88B73C,0,1,1,4294967295,0,1
objSpring,7019,1420,7272EAE0,0,1,1,4294967295,225,0
objLayer1Mask01,4832,1504,3A019845,0,0.25,2,4294967295,0,0
objLayer0Mask01,5120,1504,85E5AD7F,0,0.25,2,4294967295,0,0
objMonitorEnergy,6720,2096,EA20FEB0,0,1,1,4294967295,0,0
objMonitorCombine,3249,272,AA5588BE,0,1,1,4294967295,0,0
objPlayerSpawn,98,608,92353801,0,1,1,4294967295,0,0
objRing10,6688,576,DDA802A1,0,1,1,4294967295,0,0
objRing10,7944,820,956E9D6D,0,1,1,4294967295,0,0
objEnemiesArenaSensor,5376,1816,263576A9,0,1024,192,4294967295,0,1
objEnemyTurn,6016,1952,0132AE1E,0,1,1,4294967295,0,0
objEnemiesArenaSensor,11312,1680,CC9FCB2B,0,640,288,4294967295,0,1
objEnemyTurn,11296,1856,49F08B53,0,1,1,4294967295,0,0
objEnemyTurn,11952,1856,CBC91972,0,1,1,4294967295,0,0
objEnemyTurn,11704,1856,BB09B03E,0,1,1,4294967295,0,0
objSpring,8269,1328,9A956304,0,1,1,4294967295,90,0
objSolidMask02,3072,2080,30081785,0,1,1,4294967295,0,0
objSolidMask01,1856,480,F736415F,0,3,6,4294967295,0,0
objSpring,991,467,CE545D88,0,1,1,4294967295,315,0
objSpring,1291,754,B3337EDC,0,1,1,4294967295,180,0
objSolidMask02,2624,544,98EBA862,0,12,2,4294967295,0,0
objSolidMask02,768,992,B7E23387,0,8,4,4294967295,0,0
objSolidMask02,3456,1312,DF7FE0AC,0,2,2,4294967295,0,0
objSpring,4132,1693,0FD01B7C,0,1,1,4294967295,300,1
objSolidMask09,1920,1312,AAA5E4D8,0,1,1,4294967295,0,0
objSolidMask13,3072,1120,BEDE3050,0,-1,1,4294967295,0,0
objSolidMask13,3072,1120,57E3A72D,0,1,1,4294967295,0,0
objSolidMask02,3840,352,80330F93,0,6,2,4294967295,0,0
objSolidMask09,7520,1536,D8E9FC61,0,-1,1,4294967295,0,0
objTestFlower,288,608,1C3219AA,0,1,1,4294967295,0,0
objTestFlower,768,608,E8A00AEF,0,1,1,4294967295,0,0
objTestFlower,1120,608,A2FC7D2B,0,1,1,4294967295,0,0
objSolidMask02,7136,1344,92C08A38,0,4,1,4294967295,0,0
objSolidMask02,640,736,6BFD747E,0,2,4,4294967295,0,0
objSolidMask02,7008,1856,CD8588D9,0,16,2,4294967295,0,0
objSolidMask13,4224,352,32485C30,0,1,1,4294967295,0,0
objLayer0Mask03,5504,384,F79C9818,0,1,1,4294967295,0,0
objSwitchLayer0,5632,416,CD8BFCE6,0,4.57142857,2,4294967295,0,0
objSwitchLayer1,5312,370,C2290360,0,4.57142857,2,4294967295,0,0
objDashRing,4864,416,C7C7289D,0,1,1,4294967295,240,0
objRing,4832,352,CC1CA7B3,0,1,1,4294967295,0,0
objRing,4768,352,78D6D1A6,0,1,1,4294967295,0,0
objRing,5088,384,F849908D,0,1,1,4294967295,0,0
objRing,5216,416,6E1EA72D,0,1,1,4294967295,0,0
objRing,5344,448,55E3493D,0,1,1,4294967295,0,0
objRing,4896,352,DDE76DC4,0,1,1,4294967295,0,0
objRing,4960,352,5554225C,0,1,1,4294967295,0,0
objMonitorInvincibility,4544,304,B3E0B402,0,1,1,4294967295,0,0
objSolidMask02,3840,736,7873A0B6,0,2,2,4294967295,0,0
objRing10,3904,704,6E9ED305,0,1,1,4294967295,0,0
objRing10,4544,256,9AC83EB5,0,1,1,4294967295,0,0
objRing10,4544,224,D6B77F93,0,1,1,4294967295,0,0
objPlatformMask01,4480,320,8B12BE02,0,1,1,4294967295,0,0
objDashRing,9402,2487,8A501B68,0,1,1,4294967295,225,1
objDashRing,9504,2624,90596D6D,0,1,1,4294967295,225,1
objDashRing,9632,2752,FFDCFB39,0,1,1,4294967295,225,1
objDashRing,9728,2848,8EE0D7BD,0,1,1,4294967295,255,1
objSolidMask02,9856,2912,F8BCB3FC,0,10,2,4294967295,0,0
objDashPad,9952,2912,9F95AFCA,0,1,1,4294967295,0,0
objDashPad,9856,2912,35385584,0,1,1,4294967295,0,0
objDashPad,10048,2912,2FCF717C,0,1,1,4294967295,0,0
objDashRamp,10496,2912,F96F2C41,0,1,1,4294967295,0,0
objSolidMask02,11264,2784,C3B0DBB8,0,12,4,4294967295,0,0
objSolidMask02,12032,2848,F8FB33DE,0,26,4,4294967295,0,0
objSolidMask13,12032,2784,C22115B7,0,1,1,4294967295,0,0
objDashRing,13824,2784,2A5BDAC0,0,1,1,4294967295,285,0
objDashRing,13952,2720,762DEE38,0,1,1,4294967295,330,1
objRing,14208,2528,842085C0,0,1,1,4294967295,0,0
objRing,14240,2528,3DF8D949,0,1,1,4294967295,0,0
objRing,14272,2528,7B2A1DFC,0,1,1,4294967295,0,0
objRing,14304,2528,3BFF6455,0,1,1,4294967295,0,0
objRing,14336,2528,1282596D,0,1,1,4294967295,0,0
objRing,14368,2528,0BCE1016,0,1,1,4294967295,0,0
objRing,14400,2528,D06372B7,0,1,1,4294967295,0,0
objRing,14432,2528,386BC6A4,0,1,1,4294967295,0,0
objRing,14464,2528,149CF9B0,0,1,1,4294967295,0,0
objRing,14496,2528,5ED07B38,0,1,1,4294967295,0,0
objRing,14528,2528,964A3A25,0,1,1,4294967295,0,0
objRing,14560,2528,86EE5DCA,0,1,1,4294967295,0,0
objRing,14592,2528,82AC7754,0,1,1,4294967295,0,0
objRing,14624,2528,7AA42190,0,1,1,4294967295,0,0
objRing,14656,2528,CCA9FCDC,0,1,1,4294967295,0,0
objHandle,14688,2528,2CAC7B4E,0,1,1,4294967295,0,1
objSpring,14702,3021,6FD1F8FC,0,1,1,4294967295,0,0
objDashRing,14688,2880,3DFFF6DB,0,1,1,4294967295,0,1
objSolidMask02,13696,3040,0C1BA353,0,16,2,4294967295,0,0
objSolidMask02,14720,2656,CAD7747C,0,8,7,4294967295,0,0
objSolidMask02,15232,2400,279CC4A9,0,8,5,4294967295,0,0
objMonitorHurt,13709,3024,B1078449,0,1,1,4294967295,0,0
objSolidMask02,15744,2336,72FF9499,0,6,2,4294967295,0,0
objSolidMask02,16128,2272,C89E2544,0,10,6,4294967295,0,0
objDashRing,16896,2144,8856F5AA,0,1,1,4294967295,300,1
objSolidMask02,16768,2656,4F8763F0,0,4,1,4294967295,0,0
objSolidMask09,16768,2528,25523B5D,0,1,1,4294967295,0,0
objSolidMask02,17280,2144,CB3B0CA4,0,2,2,4294967295,0,0
objDashRing,16768,2016,C92F82B1,0,1,1,4294967295,0,0
objDashRing,16768,1888,F7C2BD1C,0,1,1,4294967295,345,0
objEnemySpinner,16896,1824,FE0C30D2,0,1,1,4294967295,0,0
objEnemySpinner,16960,1760,121A7FA7,0,1,1,4294967295,0,0
objEnemySpinner,17024,1696,927E3691,0,1,1,4294967295,0,0
objSpring,17292,2125,9C0AE1B3,0,1,1,4294967295,0,0
objPlatformMask01,17152,1888,5152755B,0,4,2,4294967295,0,0
objSpring,17162,1869,869E1F17,0,1,1,4294967295,0,0
objDashRing,17503,1645,61B98AE7,0,1,1,4294967295,0,1
objDashRing,17024,1623,21BFBC04,0,1,1,4294967295,0,0
objDashRing,17024,1568,66321BEA,0,1,1,4294967295,330,0
objSolidMask09,17024,2528,26E0F091,0,-1,1,4294967295,0,0
objSolidMask02,17024,2272,3629DF76,0,2,6,4294967295,0,0
objBridge,8896,2080,4A94C174,0,12,1,4294967295,0,1
objBridge,17152,2272,3639BDAD,0,6,1,4294967295,0,0
objMonitorEnergy,16115,2320,B920FFD2,0,1,1,4294967295,0,0
objSolidMask09,17664,1760,140CE68A,0,-1,1,4294967295,0,0
objSolidMask09,17664,1760,EEF02B5E,0,1,1,4294967295,180,0
objSolidMask02,17536,1376,75A39554,0,15,4,4294967295,0,0
objSolidMask02,17664,1632,DAE658D3,0,6,10,4294967295,0,0
objPlatformMask01,17408,1376,2425CF79,0,1,1,4294967295,0,0
objSolidMask02,17408,2272,D93E720E,0,4,2,4294967295,0,0
objSpring,17431,2253,17AA1683,0,1,1,4294967295,0,0
objEnemyBuzzer,12352,2720,B4B66860,0,1,1,4294967295,0,0
objEnemyTurn,12288,2720,53E11CD3,0,1,1,4294967295,0,0
objEnemyTurn,12736,2720,94674044,0,1,1,4294967295,0,0
objEnemyBuzzer,12672,2720,1CF3F383,0,1,1,4294967295,0,0
objEnemyEggpawn,12608,2829,78CD0F2E,0,1,1,4294967295,0,0
objEnemyTurn,12480,2816,E83E4722,0,1,1,4294967295,0,0
objEnemyTurn,12864,2816,94301237,0,1,1,4294967295,0,0
objEnemyEggpawn,12800,2829,8A5582D1,0,1,1,4294967295,0,0
objTestFlower,11264,2784,10BD0A4E,0,1,1,4294967295,45,0
objTestFlower,11392,2784,CE94AAE7,0,1,1,4294967295,0,0
objTestFlower,11680,2784,756E562B,0,1,1,4294967295,0,0
objTestFlower,12000,2784,97A1887D,0,1,1,4294967295,0,0
objTestFlower,12320,2848,D29C4E50,0,1,1,4294967295,0,0
objTestFlower,12480,2848,DFB3FBEA,0,1,1,4294967295,0,0
objTestFlower,12640,2848,BE0D8CF1,0,1,1,4294967295,0,0
objTestFlower,13600,2848,C3610E1A,0,1,1,4294967295,0,0
objTestFlower,13280,2848,3D0F2807,0,1,1,4294967295,0,0
objTestFlower,11840,1888,874F339A,0,1,1,4294967295,0,0
objTestFlower,11680,1888,3A11307A,0,1,1,4294967295,0,0
objTestFlower,11520,1888,36F90440,0,1,1,4294967295,0,0
objTestFlower,11360,1888,F2E8AB96,0,1,1,4294967295,0,0
objTestFlower,11200,1888,3D513B9F,0,1,1,4294967295,0,0
objCheckpoint,10240,2912,61C860E8,0,1,1,4294967295,0,0
objRing,10304,2880,220C0021,0,1,1,4294967295,0,0
objRing,10336,2880,8FBD3042,0,1,1,4294967295,0,0
objRing,10368,2880,A88A71B8,0,1,1,4294967295,0,0
objRing,10400,2880,769DED31,0,1,1,4294967295,0,0
objRing,10176,2880,DDB90ED3,0,1,1,4294967295,0,0
objRing,11680,2752,B172AF20,0,1,1,4294967295,0,0
objRing,11712,2752,9B142C24,0,1,1,4294967295,0,0
objRing,11744,2752,BD409750,0,1,1,4294967295,0,0
objRing,16352,2240,79B3DB37,0,1,1,4294967295,0,0
objRing,16384,2240,E27EADDE,0,1,1,4294967295,0,0
objRing,16416,2240,F47A5BDA,0,1,1,4294967295,0,0
objButtonSensor,6944,320,6E9D58CF,0,96,192,4294967295,0,1
objButtonSensor,14112,2400,84FB9E9E,0,96,192,4294967295,0,1
objSwingPole,8256,1952,E5726322,0,1,1,4294967295,0,0
objSolidMask02,7712,1792,B950F3B8,0,2,2,4294967295,0,0
objSolidMask02,7520,1728,6B614C8C,0,6,2,4294967295,0,0
objLayer0Mask02,5440,352,318A8ED6,0,1,1,4294967295,0,0
objRing,3328,416,A9973B36,0,1,1,4294967295,0,0
objRing,3328,352,5963F697,0,1,1,4294967295,0,0
objRing,3328,480,84937EC7,0,1,1,4294967295,0,0
objRing,3328,288,587A7432,0,1,1,4294967295,0,0
objBridge,1184,416,F93DF8C8,0,12,2,4294967295,0,1
objPlatformMask01,1056,416,B3642DA3,0,1,1,4294967295,0,0
objEnemySpinner,416,544,9BBC0500,0,1,1,4294967295,0,1
objSpikeBallPivot,3844,352,52DFE90F,0,1,1,4294967295,0,1
objSpikeBallPivot,13888,3040,69F7FEFF,0,1,1,4294967295,0,1
objSpikeBallPivot,14272,3040,971D725F,0,1,1,4294967295,0,1
objCrane,2304,864,77E0945E,0,1,1,4294967295,0,0
objWalljumpSensor,3392,288,4A083FF3,0,64,192,4294967295,0,0
objWalljumpSensor,3200,288,3AFE92AA,0,64,128,4294967295,0,0
objCrane,15240,2399,5CF6E8DB,0,1,1,4294967295,0,0
objBox,2400,1504,77B8E5D0,0,1,1,4294967295,0,0
objBox,3072,1920,4A852132,0,1,1,4294967295,0,0
objRail02,4064,640,93E291E3,0,9,1,4294967295,0,0
objRail02,4640,640,111DE0AE,0,9.82334296,1,4294967295,345,0
objRail02,736,480,FA420855,0,4,1,4294967295,0,0
objRail02,5216,800,6ADC61C0,0,8,1,4294967295,0,0
objRail02,7296,480,D504118F,0,10,1,4294967295,0,0
objRail02,7981,546,4AB2972B,0,7,1,4294967295,270,0
objRail02,8021,1052,EDB25449,0,3.5625,0.75,4294967295,0,0
objRail02,8248,1052,0E165333,0,1,1,4294967295,29,0
objRail02,8544,896,C63AEB14,0,26,1,4294967295,0,0
objRail02,10208,896,4A2B2F10,0,2,1,4294967295,345,0
objBox,6656,576,FD82567C,0,1,1,4294967295,0,0
objBox,6656,640,CFF52180,0,1,1,4294967295,0,0
objRail02,10720,1888,B25FB731,0,3.5,1,4294967295,0,0
objRail02,10680,1955,3AC64DBF,0,5,1,4294967295,270,0
objRail02,10570,2334,6B93F799,0,1,1,4294967295,0,0
objRail02,4480,416,5B8D493C,0,5.5,1,4294967295,0,0
objRail02,4672,370,993155F0,0,5,1,4294967295,0,0
objRail02,4992,370,F1C6D277,0,7,1,4294967295,345,0
objRail02,5376,486,DDD5D645,0,2.5,1,4294967295,0,0
objRail02,8720,2080,7040EC4E,0,2.75,1,4294967295,0,0
objRail02,8680,2144,5F7A18C9,0,4,1,4294967295,270,0
objRail02,8720,2459,C6005E24,0,10,1,4294967295,0,0
objRail03,8025,992,3FE86FD2,0,-1,1,4294967295,0,0
objRail03,7930,546,FF2EE7B4,0,-1,1,4294967295,180,0
objRail03,8723,2146,91150BBA,0,1,1,4294967295,180,0
objRail03,8723,2399,15F1345E,0,1,-1,4294967295,180,0
objRail03,10630,2275,12DED880,0,1,1,4294967295,0,0
objRail03,10723,1954,792DAFDC,0,1,1,4294967295,180,0
objDashRail,4960,373,C40B2AA8,0,1,1,4294967295,0,0
objPushableBox,1664,1184,4148C2F5,0,1,1,4294967295,0,0
objRingSpecial,3104,2016,672FA0DD,0,1,1,4294967295,0,0
objRingSpecial,4992,1344,F9494DDD,0,1,1,4294967295,0,0
objRingSpecial,896,864,04D28A37,0,1,1,4294967295,0,0
objRingSpecial,17536,2208,19712A33,0,1,1,4294967295,0,0
objRingSpecial,7968,1792,B252C3B1,0,1,1,4294967295,0,0
objWaterHorizon,1920,1184,000A1ACF,0,3,1,4294967295,0,0
objNavigator,800,576,6B7CB288,0,1,1,4294967295,0,1
objNavigator,6784,480,4A2A4456,0,1,1,4294967295,0,1
objFadeIn,64,0,F36AA60B,0,1,1,4294967295,0,1
